0
1
2
3
4
5
6
7
9
10
12
13
14
15
16
17
18
19
20
21
22
23
24
25
26
27
28
31
32
33
34
35
36
37
38
39
41
42
44
45
46
47
48
49
50
51
53
54
56
57
58
59
60
61
62
63
64
65
66
67
68
69
70
71
72
73
74
75
77
78
86
87
91
92
93
94
95
96
98
100
101
103
105
106
107
108
109
111
112
113
114
115
116
117
118
119
123
124
125
126
127
128
129
130
132
135
136
137
138
139
140
144
145
147
148
152
153
154
155
156
157
158
159
160
163
164
165
166
168
177
178
182
183
184
185
186
187
191
192
194
196
197
198
199
202
203
204
205
207
208
209
210
214
215
216
217
218
219
220
221
223
226
228
229
230
231
235
238
239
243
244
245
246
247
248
249
250
251
254
255
256
257
259
268
269
273
274
275
276
277
278
282
285
287
288
289
290
293
294
295
296
298
299
300
301
305
306
307
308
309
310
311
312
314
317
319
320
321
322
326
329
330
334
335
336
337
338
339
340
341
342
345
346
347
348
350
359
360
364
365
366
367
368
369
373
376
378
379
380
381
384
385
386
387
389
390
391
392
396
397
398
399
400
401
402
403
405
408
410
411
412
413
417
420
421
425
426
427
428
429
430
431
432
433
436
437
438
439
441
450
451
455
456
457
458
459
460
464
467
469
470
471
472
475
476
477
478
480
481
482
483
487
488
489
490
491
492
493
494
496
499
501
502
503
504
508
511
512
516
517
518
519
520
521
522
523
524
527
528
529
530
532
541
542
546
547
548
549
550
551
555
558
560
561
562
563
566
567
568
569
571
572
573
574
578
579
580
581
582
583
584
585
587
590
592
593
594
595
599
602
603
607
608
609
610
611
612
613
614
615
618
619
620
621
623
632
633
637
638
639
640
641
642
646
649
651
652
653
654
657
658
659
660
662
663
664
665
669
670
671
672
673
674
675
676
678
681
683
684
685
686
690
693
694
698
699
700
701
702
703
704
705
706
709
710
711
712
714
723
724
728
729
730
731
732
733
737
740
742
743
744
745
748
749
750
751
753
754
755
756
760
761
762
763
764
765
766
767
769
772
774
775
776
777
781
784
785
789
790
791
792
793
794
795
796
797
800
801
802
803
805
814
815
819
820
821
822
823
824
828
831
833
834
835
836
839
840
841
842
844
845
846
847
851
852
853
854
855
856
857
858
860
863
865
866
867
868
872
875
876
880
881
882
883
884
885
886
887
888
891
892
893
894
896
905
906
910
911
912
913
914
915
919
922
924
925
926
927
930
931
932
933
935
936
937
938
942
943
944
945
946
947
948
949
951
954
956
957
958
959
963
966
967
971
972
973
974
975
976
977
978
979
982
983
984
985
987
990
996
997
1001
1002
1003
1004
1005
1006
1010
1012
1013
1015
1016
1017
1018
1021
1022
1023
1024
1026
1027
1028
1029
1033
1034
1035
1036
1037
1038
1039
1040
1042
1045
1047
1048
1049
1050
1054
1057
1058
1062
1063
1064
1065
1066
1067
1068
1069
1070
1073
1074
1075
1076
1078
1081
1083
1087
1088
1092
1093
1094
1095
1096
1097
1098
1101
1103
1104
1106
1107
1108
1109
1111
1112
1113
1114
1115
1117
1118
1119
1120
1121
1124
1125
1126
1127
1128
1129
1130
1131
1132
1133
1136
1138
1139
1140
1141
1144
1145
1147
1148
1149
1153
1154
1155
1156
1157
1158
1159
1160
1161
1164
1165
1166
1167
1169
1172
1174
1178
1179
1181
1183
1184
1185
1186
1187
1188
1189
1190
1191
1192
1194
1195
1197
1198
1199
1200
1201
1202
1203
1204
1205
1206
1208
1209
1210
1211
1212
1213
1215
1216
1217
1218
1219
1220
1221
1222
1223
1224
1226
1227
1229
1230
1231
1232
1233
1234
1235
1236
1238
1239
1240
1241
1242
1243
1244
1245
1246
1247
1248
1249
1250
1251
1252
1253
1254
1255
1256
1257
1258
1259
1260
1262
1263
1265
1267
1269
1270
1271
1272
1274
1275
1276
1277
1278
1280
1281
1283
1284
1286
1287
1289
1291
1292
1293
1294
1295
1296
1297
1298
1299
1300
1301
1305
1306
1307
1308
1309
1310
1311
1312
1313
1316
1318
1319
1320
1321
1324
1325
1327
1328
1332
1333
1334
1335
1336
1338
1339
1340
1341
1344
1345
1346
1347
1348
1349
1352
1360
1361
1366
1367
1369
1372
1374
1375
1377
1380
1382
1383
1385
1388
1389
1390
1391
1392
1409
1410
1411
1412
1418
1419
1457
1460
1465
1466
1468
1471
1473
1476
1482
1483
1502
1503
1509
1548
1551
1556
1559
1564
1567
1573
1574
1593
1594
1600
1639
1642
1647
1650
1655
1658
1664
1665
1684
1685
1691
1730
1733
1738
1741
1746
1749
1755
1756
1775
1776
1782
1821
1824
1829
1832
1837
1840
1846
1847
1866
1867
1873
1912
1915
1920
1923
1928
1931
1937
1938
1957
1958
1964
2003
2006
2011
2014
2019
2022
2028
2029
2048
2049
2055
2094
2097
2102
2105
2110
2113
2119
2120
2139
2140
2146
2185
2188
2193
2196
2201
2204
2210
2211
2230
2231
2237
2264
2276
2279
2284
2286
2287
2289
2292
2295
2301
2302
2321
2322
2328
2355
2357
2367
2369
2370
2372
2375
2377
2378
2380
2383
2385
2386
2388
2392
2393
2394
2395
2406
2407
2412
2413
2418
2419
2421
2422
2423
2446
2448
2455
2458
2459
2460
2461
2462
2463
2464
2465
2466
2468
2469
2471
2473
2474
2475
2476
2477
2479
2480
2483
2484
2485
2486
2487
2489
2490
2491
2492
2493
2494
2495
2496
2497
2498
2500
2503
2504
2505
2506
2507
2508
2509
2510
2512
2513
2514
2515
2516
2517
2518
2520
2521
2522
2523
2524
2525
2526
2527
2528
2529
2530
2531
2532
2533
2534
2536
2537
2539
2541
2543
2544
2545
2546
2548
2549
2550
2551
2554
2555
2557
2558
2560
2561
2563
2566
2567
2568
2569
2570
2571
2572
2573
2574
2579
2580
2581
2582
2583
2584
2585
2586
2587
2590
2592
2593
2595
2598
2599
2602
2606
2607
2608
2609
2610
2612
2613
2614
2615
2618
2619
2620
2621
2622
2623
2626
2634
2635
2641
2646
2648
2649
2651
2654
2657
2662
2663
2664
2683
2684
2693
2739
2740
2742
2745
2830
2833
2921
2924
3012
3015
3103
3106
3194
3197
3285
3288
3376
3379
3467
3470
3538
3558
3560
3561
3563
3629
3631
3643
3646
3649
3651
3652
3654
3659
3662
3668
3669
3680
3681
3692
3693
3695
3696
3697
3720
3722
3729
3733
3734
3735
3736
3737
3738
3739
3740
3742
3743
3745
3747
3748
3749
3750
3753
3754
3758
3759
3760
3761
3763
3764
3765
3766
3767
3768
3769
3770
3771
3772
3774
3777
3779
3780
3781
3782
3783
3784
3786
3787
3788
3789
3790
3791
3792
3794
3795
3796
3797
3798
3799
3800
3801
3802
3803
3804
3805
3806
3807
3808
3810
3811
3813
3815
3817
3818
3819
3820
3822
3823
3824
3825
3828
3829
3832
3834
3835
3837
3840
3841
3842
3843
3844
3845
3846
3847
3848
3853
3854
3855
3856
3857
3858
3859
3860
3861
3864
3866
3867
3869
3872
3873
3876
3880
3881
3882
3883
3884
3886
3887
3888
3889
3892
3893
3894
3895
3896
3897
3900
3908
3909
3915
3920
3923
3928
3931
3936
3937
3938
3957
3958
3967
4014
4019
4812
4834
4837
4903
4905
4917
4920
4925
4928
4933
4936
4942
4943
4954
4955
4966
4967
4969
4970
4971
4994
4996
5003
5007
5008
5009
5010
5011
5012
5013
5014
5016
5019
5021
5022
5023
5024
5027
5028
5032
5033
5034
5035
5037
5038
5039
5040
5041
5042
5043
5044
5045
5046
5048
5051
5053
5054
5055
5056
5057
5058
5060
5061
5062
5063
5064
5065
5066
5068
5069
5070
5071
5072
5073
5074
5075
5076
5077
5078
5079
5080
5081
5082
5084
5085
5087
5089
5091
5092
5093
5094
5096
5097
5098
5099
5102
5103
5106
5108
5109
5111
5114
5115
5116
5117
5118
5119
5120
5121
5122
5127
5128
5129
5130
5131
5132
5133
5134
5135
5138
5140
5141
5143
5146
5147
5150
5154
5155
5156
5157
5158
5160
5161
5162
5163
5166
5167
5168
5169
5170
5171
5174
5182
5183
5189
5194
5197
5202
5205
5210
5211
5212
5231
5232
5241
5288
5293
6086
6108
6111
6177
6179
6191
6194
6199
6202
6207
6210
6216
6217
6228
6229
6240
6241
6243
6244
6245
6268
6270
6277
6281
6282
6283
6284
6285
6286
6287
6288
6290
6293
6295
6296
6297
6298
6301
6302
6306
6307
6308
6309
6311
6312
6313
6314
6315
6316
6317
6318
6319
6320
6322
6325
6327
6328
6329
6330
6331
6332
6334
6335
6336
6337
6338
6339
6340
6342
6343
6344
6345
6346
6347
6348
6349
6350
6351
6352
6353
6354
6355
6356
6358
6359
6361
6363
6365
6366
6367
6368
6370
6371
6372
6373
6376
6377
6380
6382
6383
6385
6388
6389
6390
6391
6392
6393
6394
6395
6396
6401
6402
6403
6404
6405
6406
6407
6408
6409
6412
6414
6415
6417
6420
6421
6424
6428
6429
6430
6431
6432
6434
6435
6436
6437
6440
6441
6442
6443
6444
6445
6448
6456
6457
6463
6468
6471
6476
6479
6484
6485
6486
6505
6506
6515
6562
6567
7360
7382
7385
7451
7453
7465
7468
7473
7476
7481
7484
7490
7491
7502
7503
7514
7515
7517
7518
7519
7542
7544
7551
7555
7556
7557
7558
7559
7560
7561
7562
7564
7567
7569
7570
7571
7572
7575
7576
7580
7581
7582
7583
7585
7586
7587
7588
7589
7590
7591
7592
7593
7594
7596
7599
7601
7602
7603
7604
7605
7606
7608
7609
7610
7611
7612
7613
7614
7616
7617
7618
7619
7620
7621
7622
7623
7624
7625
7626
7627
7628
7629
7630
7632
7633
7635
7637
7639
7640
7641
7642
7644
7645
7646
7647
7650
7651
7654
7656
7657
7659
7662
7663
7664
7665
7666
7667
7668
7669
7670
7675
7676
7677
7678
7679
7680
7681
7682
7683
7686
7688
7689
7691
7694
7695
7698
7702
7703
7704
7705
7706
7708
7709
7710
7711
7714
7715
7716
7717
7718
7719
7722
7730
7731
7737
7742
7745
7750
7753
7758
7759
7760
7779
7780
7789
7836
7841
8634
8656
8659
8725
8727
8739
8742
8747
8750
8755
8758
8764
8765
8776
8777
8788
8789
8791
8792
8793
8816
8818
8825
8829
8830
8831
8832
8833
8834
8835
8836
8838
8841
8843
8844
8845
8846
8849
8850
8854
8855
8856
8857
8859
8860
8861
8862
8863
8864
8865
8866
8867
8868
8870
8873
8875
8876
8877
8878
8879
8880
8882
8883
8884
8885
8886
8887
8888
8890
8891
8892
8893
8894
8895
8896
8897
8898
8899
8900
8901
8902
8903
8904
8906
8907
8909
8911
8913
8914
8915
8916
8918
8919
8920
8921
8924
8925
8928
8930
8931
8933
8936
8937
8938
8939
8940
8941
8942
8943
8944
8949
8950
8951
8952
8953
8954
8955
8956
8957
8960
8962
8963
8965
8968
8969
8972
8976
8977
8978
8979
8980
8982
8983
8984
8985
8988
8989
8990
8991
8992
8993
8996
9004
9005
9011
9016
9019
9024
9027
9032
9033
9034
9053
9054
9063
9110
9115
9908
9930
9933
9999
10001
10013
10016
10021
10024
10029
10032
10038
10039
10050
10051
10062
10063
10065
10066
10067
10090
10092
10099
10103
10104
10105
10106
10107
10108
10109
10110
10112
10115
10117
10118
10119
10120
10123
10124
10128
10129
10130
10131
10133
10134
10135
10136
10137
10138
10139
10140
10141
10142
10144
10147
10149
10150
10151
10152
10153
10154
10156
10157
10158
10159
10160
10161
10162
10164
10165
10166
10167
10168
10169
10170
10171
10172
10173
10174
10175
10176
10177
10178
10180
10181
10183
10185
10187
10188
10189
10190
10192
10193
10194
10195
10198
10199
10202
10204
10205
10207
10210
10211
10212
10213
10214
10215
10216
10217
10218
10223
10224
10225
10226
10227
10228
10229
10230
10231
10234
10236
10237
10239
10242
10243
10246
10250
10251
10252
10253
10254
10256
10257
10258
10259
10262
10263
10264
10265
10266
10267
10270
10278
10279
10285
10290
10293
10298
10301
10306
10307
10308
10327
10328
10337
10384
10389
11182
11204
11207
11273
11275
11287
11290
11295
11298
11303
11306
11312
11313
11324
11325
11336
11337
11339
11340
11341
11364
11366
11373
11377
11378
11379
11380
11381
11382
11383
11384
11386
11389
11391
11392
11393
11394
11397
11398
11402
11403
11404
11405
11407
11408
11409
11410
11411
11412
11413
11414
11415
11416
11418
11421
11423
11424
11425
11426
11427
11428
11430
11431
11432
11433
11434
11435
11436
11438
11439
11440
11441
11442
11443
11444
11445
11446
11447
11448
11449
11450
11451
11452
11454
11455
11457
11459
11461
11462
11463
11464
11466
11467
11468
11469
11472
11473
11476
11478
11479
11481
11484
11485
11486
11487
11488
11489
11490
11491
11492
11497
11498
11499
11500
11501
11502
11503
11504
11505
11508
11510
11511
11513
11516
11517
11520
11524
11525
11526
11527
11528
11530
11531
11532
11533
11536
11537
11538
11539
11540
11541
11544
11552
11553
11559
11564
11567
11572
11575
11580
11581
11582
11601
11602
11611
11658
11663
12456
12478
12481
12547
12549
12561
12564
12569
12572
12577
12580
12586
12587
12598
12599
12610
12611
12613
12614
12615
12638
12640
12647
12651
12652
12653
12654
12655
12656
12657
12658
12660
12663
12665
12666
12667
12668
12671
12672
12676
12677
12678
12679
12681
12682
12683
12684
12685
12686
12687
12688
12689
12690
12692
12695
12697
12698
12699
12700
12701
12702
12704
12705
12706
12707
12708
12709
12710
12712
12713
12714
12715
12716
12717
12718
12719
12720
12721
12722
12723
12724
12725
12726
12728
12729
12731
12733
12735
12736
12737
12738
12740
12741
12742
12743
12746
12747
12750
12752
12753
12755
12758
12759
12760
12761
12762
12763
12764
12765
12766
12771
12772
12773
12774
12775
12776
12777
12778
12779
12782
12784
12785
12787
12790
12791
12794
12798
12799
12800
12801
12802
12804
12805
12806
12807
12810
12811
12812
12813
12814
12815
12818
12821
12826
12827
12833
12838
12841
12846
12849
12854
12855
12856
12875
12876
12885
12912
12932
12937
13003
13094
13185
13276
13367
13458
13549
13640
13730
13731
13752
13755
13821
13822
13823
13835
13838
13843
13846
13851
13854
13860
13861
13872
13873
13884
13885
13887
13888
13889
13912
13913
13914
13921
13925
13926
13927
13928
13929
13930
13931
13932
13934
13937
13939
13940
13941
13942
13945
13946
13950
13951
13952
13953
13955
13956
13957
13958
13959
13960
13961
13962
13963
13964
13966
13969
13971
13972
13973
13974
13975
13976
13978
13979
13980
13981
13982
13983
13984
13986
13987
13988
13989
13990
13991
13992
13993
13994
13995
13996
13997
13998
13999
14000
14002
14003
14004
14005
14007
14009
14010
14011
14012
14014
14015
14016
14017
14020
14021
14022
14024
14026
14027
14029
14032
14033
14034
14035
14036
14037
14038
14039
14040
14045
14046
14047
14048
14049
14050
14051
14052
14053
14056
14058
14059
14061
14064
14065
14068
14072
14073
14074
14075
14076
14078
14079
14080
14081
14084
14085
14086
14087
14088
14089
14092
14095
14097
14100
14101
14107
14112
14113
14115
14118
14120
14123
14128
14129
14130
14149
14150
14159
14186
14188
14204
14206
14209
14211
14277
14279
14295
14300
14368
14370
14386
14391
14459
14461
14477
14482
14550
14552
14568
14573
14641
14643
14659
14664
14732
14734
14750
14755
14823
14825
14841
14846
14914
14916
14932
14937
15004
15005
15007
15023
15026
15028
15029
15095
15096
15097
15098
15109
15112
15114
15117
15119
15120
15125
15128
15134
15135
15146
15147
15158
15159
15161
15162
15163
15186
15187
15188
15189
15195
15199
15200
15201
15202
15203
15204
15205
15206
15208
15210
15211
15213
15214
15215
15216
15219
15220
15224
15225
15226
15227
15229
15230
15231
15232
15233
15234
15235
15236
15237
15238
15240
15243
15245
15246
15247
15248
15249
15250
15252
15253
15254
15255
15256
15257
15258
15260
15261
15262
15263
15264
15265
15266
15267
15268
15269
15270
15271
15272
15273
15274
15276
15277
15278
15279
15280
15281
15283
15284
15285
15286
15288
15289
15290
15291
15293
15294
15295
15296
15298
15300
15301
15303
15304
15306
15307
15308
15309
15310
15311
15312
15313
15314
15318
15319
15320
15321
15322
15323
15324
15325
15326
15327
15330
15331
15332
15333
15335
15338
15339
15340
15342
15343
15346
15347
15348
15349
15350
15352
15353
15354
15355
15358
15359
15360
15361
15362
15363
15366
15369
15371
15374
15375
15379
15381
15384
15386
15387
15389
15392
15394
15395
15397
15400
15402
15403
15404
15409
15410
15421
15422
15423
15424
15431
15433
15434
15437
15438
15460
15462
15470
15475
15478
15480
15483
15485
15486
15491
15500
15501
15512
15513
15522
15524
15525
15528
15529
15551
15553
15561
15566
15569
15574
15577
15582
15591
15592
15603
15604
15613
15615
15616
15619
15620
15642
15644
15652
15657
15660
15665
15668
15673
15682
15683
15694
15695
15704
15706
15707
15710
15711
15733
15735
15743
15748
15751
15756
15759
15764
15773
15774
15785
15786
15795
15797
15798
15801
15802
15824
15826
15834
15839
15842
15847
15850
15855
15864
15865
15876
15877
15886
15888
15889
15892
15893
15915
15917
15925
15930
15933
15938
15941
15946
15955
15956
15967
15968
15977
15979
15980
15983
15984
16006
16008
16016
16021
16024
16029
16032
16037
16046
16047
16058
16059
16068
16070
16071
16074
16075
16097
16099
16107
16112
16115
16120
16123
16128
16137
16138
16149
16150
16159
16161
16162
16165
16166
16188
16190
16198
16203
16206
16211
16214
16219
16228
16229
16240
16241
16250
16252
16253
16256
16257
16278
16279
16281
16289
16294
16297
16300
16302
16303
16305
16310
16319
16320
16331
16332
16341
16343
16344
16347
16348
16369
16370
16371
16372
16380
16383
16385
16386
16388
16391
16393
16394
16396
16399
16401
16402
16408
16409
16410
16411
16420
16421
16422
16423
16432
16433
16434
16435
16436
16437
16438
16439
16460
16461
16462
16463
16469
16471
16473
16474
16475
16476
16477
16478
16479
16480
16482
16484
16485
16487
16488
16489
16490
16492
16493
16494
16498
16499
16500
16501
16502
16503
16504
16505
16506
16507
16508
16509
16510
16511
16512
16513
16514
16517
16519
16520
16521
16522
16523
16524
16525
16526
16527
16528
16529
16530
16531
16532
16534
16535
16536
16537
16538
16539
16540
16541
16542
16543
16544
16545
16546
16547
16548
16550
16551
16552
16553
16554
16555
16557
16558
16559
16560
16562
16563
16564
16565
16566
16567
16568
16569
16570
16572
16573
16574
16575
16577
16578
16579
16580
16581
16582
16583
16584
16585
16586
16587
16588
16591
16592
16593
16594
16595
16596
16597
16598
16599
16600
16601
16602
16604
16605
16606
16607
16609
16610
16611
16612
16613
16614
16616
16617
16618
16619
16620
16621
16622
16623
16624
16625
16626
16627
16628
16629
16630
16631
16632
16633
16634
16635
16636
16637
16638
16640
16641
16643
16645
16647
16648
16649
16650
16653
16654
16655
16657
16658
16659
16660
16661
16663
16664
16666
16668
16669
16670
16671
16672
16673
16674
16676
16677
16678
16682
16683
16684
16685
16686
16687
16688
16689
16690
16691
16692
16693
16695
16696
16697
16698
16701
16702
16703
16704
16705
16707
16708
16709
16710
16711
16712
16713
16715
16716
16717
16718
16719
16720
16721
16722
16723
16724
16725
16726
16727
16728
16729
16731
16732
16734
16736
16738
16739
16740
16741
16744
16745
16748
16749
16750
16751
16752
16754
16755
16757
16759
16760
16761
16762
16763
16764
16765
16768
16773
16774
16775
16776
16777
16778
16779
16780
16781
16782
16783
16784
16786
16787
16789
16792
16793
16794
16795
16796
16798
16799
16800
16801
16802
16803
16804
16806
16807
16808
16809
16810
16811
16812
16813
16814
16815
16816
16817
16818
16819
16820
16822
16823
16825
16827
16829
16830
16831
16832
16835
16836
16839
16840
16841
16842
16843
16845
16846
16848
16851
16852
16853
16854
16855
16856
16859
16864
16865
16866
16867
16868
16869
16870
16871
16872
16873
16874
16875
16877
16878
16880
16883
16884
16885
16886
16887
16889
16890
16891
16892
16893
16894
16895
16897
16898
16899
16900
16901
16902
16903
16904
16905
16906
16907
16908
16909
16910
16911
16913
16914
16916
16918
16920
16921
16922
16923
16926
16927
16930
16931
16932
16933
16934
16936
16937
16939
16942
16943
16944
16945
16946
16947
16950
16955
16956
16957
16958
16959
16960
16961
16962
16963
16964
16965
16966
16968
16969
16971
16974
16975
16976
16977
16978
16980
16981
16982
16983
16984
16985
16986
16988
16989
16990
16991
16992
16993
16994
16995
16996
16997
16998
16999
17000
17001
17002
17004
17005
17007
17009
17011
17012
17013
17014
17017
17018
17021
17022
17023
17024
17025
17027
17028
17030
17033
17034
17035
17036
17037
17038
17041
17046
17047
17048
17049
17050
17051
17052
17053
17054
17055
17056
17057
17059
17060
17062
17065
17066
17067
17068
17069
17071
17072
17073
17074
17075
17076
17077
17079
17080
17081
17082
17083
17084
17085
17086
17087
17088
17089
17090
17091
17092
17093
17095
17096
17098
17100
17102
17103
17104
17105
17108
17109
17112
17113
17114
17115
17116
17118
17119
17121
17124
17125
17126
17127
17128
17129
17132
17137
17138
17139
17140
17141
17142
17143
17144
17145
17146
17147
17148
17150
17151
17153
17156
17157
17158
17159
17160
17162
17163
17164
17165
17166
17167
17168
17170
17171
17172
17173
17174
17175
17176
17177
17178
17179
17180
17181
17182
17183
17184
17186
17187
17189
17191
17193
17194
17195
17196
17199
17200
17203
17204
17205
17206
17207
17209
17210
17212
17215
17216
17217
17218
17219
17220
17223
17228
17229
17230
17231
17232
17233
17234
17235
17236
17237
17238
17239
17241
17242
17244
17247
17248
17249
17250
17251
17253
17254
17255
17256
17257
17258
17259
17261
17262
17263
17264
17265
17266
17267
17268
17269
17270
17271
17272
17273
17274
17275
17277
17278
17280
17282
17284
17285
17286
17287
17290
17291
17294
17295
17296
17297
17298
17300
17301
17303
17306
17307
17308
17309
17310
17311
17314
17319
17320
17321
17322
17323
17324
17325
17326
17327
17328
17329
17330
17332
17333
17335
17338
17339
17340
17341
17342
17344
17345
17346
17347
17348
17349
17350
17352
17353
17354
17355
17356
17357
17358
17359
17360
17361
17362
17363
17364
17365
17366
17368
17369
17371
17373
17375
17376
17377
17378
17381
17382
17385
17386
17387
17388
17389
17391
17392
17394
17397
17398
17399
17400
17401
17402
17405
17410
17411
17412
17413
17414
17415
17416
17417
17418
17419
17420
17421
17423
17424
17426
17429
17430
17431
17432
17433
17435
17436
17437
17438
17439
17440
17441
17443
17444
17445
17446
17447
17448
17449
17450
17451
17452
17453
17454
17455
17456
17457
17459
17460
17462
17464
17466
17467
17468
17469
17472
17473
17476
17477
17478
17479
17480
17482
17483
17485
17488
17489
17490
17491
17492
17493
17496
17501
17502
17503
17504
17505
17506
17507
17508
17509
17510
17511
17512
17514
17515
17517
17520
17521
17522
17523
17524
17526
17527
17528
17529
17530
17531
17532
17534
17535
17536
17537
17538
17539
17540
17541
17542
17543
17544
17545
17546
17547
17548
17550
17551
17552
17553
17555
17557
17558
17559
17560
17563
17564
17567
17568
17569
17570
17571
17573
17574
17576
17577
17579
17580
17581
17582
17583
17584
17587
17592
17593
17594
17595
17596
17597
17598
17599
17600
17601
17602
17603
17605
17606
17608
17611
17612
17613
17614
17615
17617
17618
17619
17620
17621
17622
17623
17625
17626
17627
17628
17629
17630
17631
17632
17633
17634
17635
17636
17637
17638
17639
17641
17642
17643
17644
17645
17646
17648
17649
17650
17651
17654
17655
17657
17658
17659
17660
17661
17662
17664
17665
17667
17668
17670
17671
17672
17673
17674
17675
17676
17678
17682
17683
17684
17685
17686
17687
17688
17689
17690
17691
17692
17693
17694
17695
17696
17697
17699
17702
17703
17704
17705
17706
17707
17708
17709
17710
17711
17712
17713
17714
17716
17717
17718
17719
17720
17721
17722
17723
17724
17725
17726
17727
17728
17729
17730
17732
17733
17734
17735
17736
17737
17739
17740
17741
17742
17743
17745
17746
17747
17748
17749
17750
17751
17752
17753
17754
17755
17756
17758
17759
17761
17762
17763
17764
17765
17766
17767
17768
17769
17772
17773
17774
17775
17776
17777
17778
17779
17780
17781
17782
17783
17784
17785
17786
17787
17788
17790
17791
17793
17794
17795
17796
17797
17798
17799
17800
17801
17802
17803
17804
17805
17806
17807
17808
17809
17810
17811
17812
17813
17814
17815
17816
17817
17818
17819
17820
17821
17822
17823
17824
17825
17826
17827
17828
17829
17830
17831
17832
17833
17834
